37658624
682450945
362242052
275521541
373252104
674545674
353140752
280584211
688807963
121217053
290717726
672653349
94437414
94404656
683065393
331571251
223502387
648339510
131137590
225198136
213573691
299810877
261668926
261668927
136208450
220069956
658546757
467574853
376668231
47865932
313155661
662610003
466853972
237871189
68329560
301613148
264052831
509960288
308887648
694984803
261668966
634806376
212030555
691888240
48955509
356696182
658546807
292151415
312074360
130482298
240083066
634970234
37658751
355901568
466059393
314597505
87777411
303415430
153616519
674201734
652771462
476135562
685916298
464265356
638517389
675553422
261669008
364576912
349683858
475717785
305373338
261726363
353689754
371753118
121258143
339411103
673743011
48808101
284999846
266797225
233775273
95305899
308592810
118948011
654688427
192684202
634806448
261669042
685777074
341270706
380207287
682328249
238035136
649371843
654540997
655835333
313155784
147693770
657735882
466854092
322683082
342859982
646717644
97435857
666575059
336126166
48480471
658276568
474685657
674193625
373252315
681050332
677011673
261669089
690684130
110379235
347996388
246341860
624247010
471482599
38600936
124403945
303423720
467976425
475390179
658604270
373252339
245899510
239296760
97231097
4833531
650068219
687800573
657735938
221487363
310722818
467976450
475767046
84664584
93577481
101712142
680083728
655343890
465010964
657735958
696262936
696262937
695197979
637649179
207135004
467976480
338927905
269599009
232997155
467976484
681222439
338559273
358465834
675283244
467976494
670687535
653639983
6619442
342008115
120324404
79872306
226042162
685506871
683131188
657735993
256549178
267510074
35701050
638263618
130482503
208781641
32170315
82149708
301261137
636240212
688980310
116818262
7168344
237805913
317768026
303399261
660250974
690577759
151806304
340836701
322093414
99361127
660250984
517308778
305373547
5054828
678060396
5054831
647709039
270082417
346489201
143229297
5054836
5054837
5054838
5054839
185958769
382050683
141058430
687800705
450617730
244056452
466559365
81314182
446398856
65954190
248816014
73539989
673522072
178389404
687800733
303006108
662765982
658547110
678674854
639451561
670253481
212083115
305373614
366649776
163930547
656409011
33522101
248185268
104317367
653410744
463937977
679920058
470442427
645243324
310952381
294937024
675824064
466182592
665961453
975301
303063498
467976651
475324877
693363149
342573520
49045969
366600659
444457429
655868376
85959130
280928730
36307422
334660067
338534890
679674350
655991278
241738225
125796852
329843190
666026487
641737210
679387643
641843712
655835649
664797699
331891206
650109447
78889479
56148489
635109899
682648076
259416591
671293972
260645396
358785558
258351640
335405598
456524319
466469409
342762018
677347875
99344932
101990949
377397798
677970472
47604266
88048172
490832429
333038127
35643951
101098036
475824693
350102069
164176439
687833656
192291385
259826230
646283839
316506688
682328641
280879682
213533249
510394948
355435074
6677062
212378180
92783176
683237960
671900234
664797773
472638033
674194001
658752087
676209240
333398617
264045147
348906077
658752093
262586973
648356449
647758435
637411940
216343142
242139751
640000616
650592874
406446700
475415154
649601651
641737332
676430452
41312886
41312887
269247096
33251958
87351925
285950581
47604348
177431165
683221629
467165816
646718078
467198593
688816772
364102277
41124487
639451783
410804874
41312907
338952844
269320842
377987726
214549134
241631889
666067602
519832214
31736471
660234904
35865241
664797846
260735643
665666205
31736479
660013730
366600868
650592933
31736486
168927910
97510057
458941098
649372331
639926955
674464429
669270702
222053039
679314098
221610674
55239349
225469109
511582903
664797881
683885242
42713791
640254655
290587332
662774471
287703752
36307658
280699596
683336398
416006862
213525202
513737429
669770453
646709976
278029018
684483291
73691917
669270750
341680864
179561185
98149088
96805604
113165032
308060905
659620586
81257197
103629550
466895599
184419056
196002545
684090098
213263091
674210546
658711287
629416698
650461947
89719548
308282109
284844797
304276223
101098236
664412932
639845126
36684550
975624
975625
975626
636240657
225469202
674906897
289415956
42271510
652911389
82314021
184419113
358613802
459334445
691176237
634610479
649429815
221610808
472744761
2564922
175170363
483959613
130327359
231949119
336118593
462324546
97403715
265249604
237642563
130327366
659252037
417702721
673514317
95552336
467845972
473424726
645251932
656515933
358007646
666518366
683410280
264045417
147710827
237577070
36406127
382993267
312091513
648487802
302220156
685278077
975748
670303108
364536713
216679306
77308811
303063947
303006605
358007694
364536719
290587530
369304470
34145175
49226648
105595803
97239966
458417059
283255716
303850405
240149415
162284458
474850220
664191923
653427638
568804280
302261177
366601146
675824571
662676412
648432098
675849150
649962430
672179138
152069062
645252039
238674888
334848971
674907083
472155083
95552462
355140559
648446931
171623381
459621333
655434710
237863896
650068953
153379799
650560471
411902940
472826845
286671838
475407330
683140067
672383972
349193189
307954666
248620010
316482538
659964909
282395626
349193198
349193199
239371249
282395628
466117612
366601204
641745909
385123318
96584695
377062386
349193203
377062398
338854911
282043391
235643907
225190916
244745222
654558215
463946760
310658056
406742026
665625613
349856783
343245840
97207311
455943184
316793875
76211220
378405906
640017426
685499415
34145300
639534106
311927835
659989530
656090141
665568286
370394141
334070816
652698657
687801377
244999206
305038376
689128490
640427050
647504938
381264938
41313326
113894442
58655792
677258291
237945908
35546164
362783799
274080824
314598455
472425530
47604795
94356542
267600961
193659972
255001670
117384262
136209481
683099210
128312395
443647051
658285650
336127058
208782420
7529557
103679062
321053782
664306777
358024281
302261339
262194265
104162397
669859553
247694433
679380065
654410851
5817443
467166309
226042982
650576998
666010725
305079403
642204788
382993528
341451899
35234943
411255936
675628163
274080899
665502852
301917318
331531404
379020429
672384142
52921489
148030613
268526741
683492506
333644955
329917596
1033373
311903387
692757663
273663136
455337114
680305827
658277540
334824613
347702438
664798371
79996072
88491179
88491184
217130165
215426231
86025402
81462463
359310528
36406465
133850306
660620479
241984708
140887234
276628678
652911815
201262280
305374406
243909842
680846548
50160854
692397271
305374422
684262617
108430557
674407645
674424029
345310432
86213857
658654432
162317546
344458478
311985391
665650419
78947573
252314872
243909883
401614081
463881474
645629186
416875780
220808453
319972614
225363210
666109195
356721931
88024335
356607248
80028943
682648852
118121750
674465052
278045983
411460896
683885859
79865123
687883559
673547563
675145004
662684973
686327084
132703534
86213944
337782073
630908218
662570299
687801659
358745405
696689981
646776127
305374527
687801661
687801666
346195260
641705284
1033538
238302190
86213961
674202953
132916553
660407628
674358604
303056202
658548045
6686028
646776146
3622227
458835287
655885656
92955991
679937370
287171931
2663773
662742369
650585447
683894119
657728878
691807598
658343281
268666226
379618675
649414006
676169079
658548086
684090745
100009340
367486333
49579392
100009345
100009347
33047939
475350405
81315209
675145099
672679310
37586320
257123729
313116055
154215833
473818522
469820825
101361052
65037726
71255458
347186594
350029221
305374631
385230249
641738153
281241004
690947501
663922093
470934966
382059958
222856631
222856637
222856639
305374655
44352961
211944898
72574401
222856641
222856642
302261702
251143623
2090440
649962947
310035914
652764618
646718925
668632526
158541261
160073173
335971797
648537567
367666656
641803744
93890016
303482339
330032615
88278504
689014249
464496109
112592365
124732911
309495281
51013107
269231605
97215991
658261495
230270459
347973119
130295297
235439619
658728455
93398536
357893643
475768332
665028109
133228049
683582995
455951891
308266519
379405847
67405337
79873562
130262554
48629275
219424288
341345827
238749220
104187429
261695014
34874921
682640939
684484140
48629293
79873581
34874925
666232364
300238383
353601074
37234226
639444532
636331573
638486071
285976122
650544701
262719038
472827455
153249343
264046145
262719042
655820353
334947904
2262597
2262598
650315334
299402824
655992393
465110601
34874953
266880587
79865418
660579918
358704719
165832269
310920783
681068116
221611605
650970711
641132123
233981532
6645344
97355362
220825188
268133989
280929893
667395687
466388583
446973542
665020010
655992424
322963054
650823279
336086641
229467767
111224440
366298744
645318267
338151036
655992445
648267391
248252036
666781323
641803919
380348048
362227347
244442773
7128727
257443479
247924376
322381466
471484058
674842269
645236383
250529441
378291875
330139300
242861736
467846827
285951659
683574961
466732722
646710963
675169973
142771894
358639287
664315576
97511097
286107322
689219255
674211516
450389693
294512318
341468866
459048642
299640515
82265794
652814024
663873224
470591179
679708365
348841678
655877837
684484306
640075474
366601941
329811670
475260633
90351322
237577947
458376925
129361635
93185773
658728686
641312498
674203380
673793781
647390966
467412729
290195194
678283003
670246652
55371516
676423425
273942275
641795844
103991049
37644042
670222090
649414412
235702028
690693902
364496652
256567057
336037650
474490646
442894105
225183514
363693851
338560794
650654796
689047328
637323041
662718240
459630370
80979748
678283045
685590314
647849770
217515820
129107757
319784746
362407727
658278187
696239921
217433905
217515827
339175220
665683763
239773497
2803514
658736954
2803515
692397885
658261825
354977603
696149829
244188999
354977608
658327369
82937676
358950735
100263762
322348882
266422102
647849814
266790743
673081175
286754647
456460123
353617756
445990750
683427679
467404639
378406757
322922345
474703721
177416041
690038639
283076467
95455097
86083450
174212987
687092830
346253188
220391301
124430213
47220613
661899144
322848655
138692498
648456083
568821655
233686940
641738653
131188638
682952607
336201631
51275681
79865762
458696614
237586346
461465514
78964652
641124274
261662644
147949505
317753282
472901571
119007169
673638344
79873995
463947723
646719436
687368142
239560656
37586898
272123860
241338325
123537369
473892825
99903449
235415516
646875101
669951971
376178660
650168293
268371942
263243751
461588456
679258091
102787052
457197549
670713838
466536428
664111088
654551026
333531123
443975671
208889848
472295417
35907577
35907578
3442681
237201401
114272250
333531131
682690561
684451843
237578244
320841732
251275270
674293767
647915528
673638408
464881673
274139147
247801868
355141651
693020692
638502933
36390932
686011720
341231642
317753372
266348573
221931549
458934300
317483041
92956706
380397603
36546596
650512418
673638435
334669858
269600812
88483890
634734643
475858996
466389045
667994166
389376055
152053817
658303034
667994172
634734654
35907649
35907650
241977410
239372355
673638467
650111041
305760322
666011714
661899329
363481164
449267789
39135309
640542798
650594384
36317264
675448914
696125517
230516820
650168405
337602645
445630550
475998296
194463833
98527321
685279323
118450265
39135325
95455327
650307682
256731234
669870181
670197865
664799339
679290987
659187821
94357613
47802479
659900529
277186674
463366257
682952821
368412790
56658039
690694264
475138168
81676405
685262971
34990204
88385659
336185465
299108480
82708609
280791170
472819844
682649733
66209926
458696836
678168713
449480842
311847056
664561813
315467925
344074390
658606231
94144665
302819486
47417503
658606242
688523427
466561192
458410152
662759592
645286060
685312174
386779312
299124914
263719090
317442227
322177203
310970551
300878008
313641143
381905084
196479164
124430527
656664768
692693185
364988615
309545161
464980172
696125646
473385168
471492823
658606296
672327896
130156763
645581020
364284124
257525982
665487582
464980191
683149532
658606300
671025380
354912491
303114479
165783792
635128050
335956216
34687229
117172480
347097345
641739013
310667526
645253390
682985742
288770318
100526354
366078226
649406740
683567382
316606746
363997466
41666844
440125724
475777309
645687584
646785312
398510370
685304098
264784164
325208357
670320935
290498855
115812650
353773869
310970677
46377270
161196352
255674689
344426820
654256456
381430092
81045838
38209871
252873038
251824467
279161178
310962524
332343644
270838115
367118693
346646887
641714536
88975724
473385326
636348785
137628026
244124027
286344770
216902015
693406082
106203523
448153990
470870407
143223181
466192782
473385359
672385424
384149910
259942807
94357912
677022104
62335386
645400986
681339292
353323418
475195806
467577247
659859870
273951134
696199581
473385379
203819427
645400997
639396264
203819435
283470252
473385389
203819437
244107693
203819440
250694065
203819439
666757555
688540083
250694069
332425655
236120504
3541432
79145403
684091835
466315709
684263872
117320128
671771074
35105219
670227806
612551108
410356161
670288327
693184970
649423308
100018644
387443157
684485079
645163479
247761367
305482202
683559391
217827807
655845857
347105759
137628129
333400548
650021349
649423333
73558503
335071719
462326241
104966629
673991139
372435430
467700204
85617134
240740850
36506102
73599479
650316280
1247737
335079930
691186169
687819256
650316287
687802882
98322947
687876610
662751749
660433418
356002314
665717258
176425490
225151508
373811737
683657754
246376990
664373792
343386659
170576420
474786340
665029158
649030185
649030186
1247786
685705771
45607466
345983535
376375857
247761461
649030197
694954551
217926199
637405750
94407226
658344503
650316346
672459325
194767424
645532224
208734787
671921185
649030216
683354698
645630540
372943436
456010323
463915604
455895635
353684055
648342108
263318111
236120671
376621666
154815075
76483170
353503849
683379310
118909551
648342130
362179188
664799861
239430263
331573885
339298946
373222019
265980547
445729416
381012620
650504846
676366994
682986130
682986132
62245525
94669464
85568153
682732186
463243931
46410396
32180888
75401888
682658466
169151139
358812328
354511529
47573673
312068784
314608307
263318195
311831222
6498999
977590
6499001
369175224
99936950
659925692
656992957
270084797
376613567
470432308
356739778
472246980
639470276
122432199
89230027
653257421
327142094
85887695
243952337
680389330
234023635
334899924
388770515
2910935
202164954
243952349
178514654
79973087
675826397
641133281
679226082
357018339
37227239
88042215
642222826
87460586
475826924
645163758
679291631
657271536
637807352
4664060
465701628
402131708
654609151
2779903
333400834
682224386
649448194
141994765
673811214
687786766
640781071
47754005
665799445
76180247
661433117
309635875
273951524
333409061
674212644
77974311
474622759
347589418
48491307
656149292
238545708
357075757
653519667
659999539
653519670
233687869
234441535
3779403
360917835
3779405
666217295
265751378
443870035
675867476
637897557
380595027
39594841
89590617
681339740
649423711
264022883
362466148
121252709
661474151
237644649
96545644
220040046
679504752
663653234
666692470
637930359
280693624
675851130
645933947
685771647
466193283
474704772
378121091
46705543
645237641
677907339
248195980
238455693
674196368
243805075
308890515
127069075
271371162
69544858
240290716
308890526
308890530
398437283
72616869
342322088
120130474
88198058
198003629
474590126
151808944
661433264
690695090
286329780
679406518
358542263
88255417
233925561
142216123
678284220
334326717
6294461
357010365
472435648
244157377
678718401
443837379
681339844
683584453
658181061
251202505
36416461
69544910
75803601
665537489
250022869
101723094
689171416
273951707
353487835
213068766
44436447
675146720
672426976
358231011
237767652
684690404
240290792
313207785
689286122
635022315
674909161
662653934
635022319
291425262
254036977
678464499
375180275
234023928
316722170
673942522
696200194
266423300
681569284
683002886
658877444
474590216
241536009
237693960
277900299
659024906
658246665
449006606
665635855
474590225
445819923
471034900
658205716
474590227
35662874
35662875
35662876
650021915
117124129
689277985
641698851
355986468
363998248
692431913
311987242
670223403
88796203
259197999
266791983
111438897
84880434
612502579
696200245
658197557
330509371
47483965
456379453
238341182
138710080
371215426
359394373
148483141
389057610
674221131
684346444
381471820
650939471
378752079
692366417
682314832
221105235
474770511
311987288
640494682
453274714
683650141
238341213
331803743
672656478
377236580
468290661
659967076
445394023
379202666
359394410
252202091
681200749
253824112
301329520
692079730
317443187
94137464
690695290
474590332
379202684
475769984
475778178
378408066
211283076
652799109
119721093
92990599
653225096
103591048
101428358
219581579
343272589
36301970
36301971
36301972
36301973
682331284
36301975
36301974
36301976
444648597
474590364
634989725
663194784
283471010
73526437
680275113
308219051
4689069
411380910
410430641
38472882
692866227
69938355
35138737
474590390
37072057
121253049
470109369
124800188
37072060
37072062
645237951
312650940
271363265
44600514
672181446
634989766
44600519
682896587
675744972
380071116
648506571
673893583
665160916
673090773
678735062
258731222
379202779
36408541
317754590
44600543
402410722
650022119
158723304
467848425
635489514
650480879
48631026
144952565
51113206
336194808
302451962
79498491
347630843
138423552
666012930
379055366
378514694
235310350
669502736
652389656
261664025
289205530
655871259
461679900
48631068
381472030
282996001
237767969
682839330
691883300
362450214
110357798
271371560
327208233
683175210
694996267
679406892
47631663
647662900
59125045
160247096
230174010
672714047
335146304
52391234
669887811
376761669
406662472
667266376
645533002
664726861
639774031
473427281
266423634
221367634
7851348
670412117
679849301
215485784
675122522
683871578
462761308
323038558
120622436
248327524
635104616
470330734
455855471
165834098
247754101
676228470
316976504
675261817
256404858
373468539
348360059
673672573
520156255
262106494
673672571
659901826
650644867
289287560
250826121
100044175
678317457
640085394
383724947
682331541
681504150
688606616
675646873
215330202
2846106
377073048
647851421
153423264
678170017
672386467
222637477
323120549
80629158
682331560
38669733
674418088
366439851
322522541
688524718
243404206
297069999
673885619
115609013
151842234
686001594
4689341
315772349
144952768
43134411
648924620
266423758
283168207
648424912
367676878
365293006
411397590
154324439
648424921
553602523
44600798
112455137
654282210
690679269
72248806
694799845
42741221
640298471
304532970
355913196
648424942
696200687
283307508
70880758
474623479
640019961
57298427
144928252
126987773
33189373
443772415
336055807
49475073
292023810
346967553
310554118
670805511
686894602
683871757
664178189
658730511
302992912
647425552
88313362
72486419
682444588
78884375
679415320
650759705
690695708
464277022
257519137
365809186
659746339
676941348
468274725
290254374
379203111
679407144
648424999
636620330
303509033
37293613
665654351
336211504
303230513
289205810
94850611
648425012
683879990
113954359
457993784
32075318
310554173
31706686
682790463
660024899
35663430
103599686
35778121
333631051
316657227
660008524
693096019
666029651
242216533
648425049
462368347
665022046
639454814
255946338
695717476
666029669
6393450
379203183
347868785
238423666
379203190
411954806
675196540
270839422
379203200
226053761
212840070
31321743
464866959
670051985
313364115
339250838
383012504
139636377
252833435
681504412
678178461
248032928
664981152
641748641
556789409
193007267
674999973
379203238
664800934
392842918
241528489
90164910
682307247
663334576
152039086
92671666
377007795
679979488
681070261
664800949
267398839
470331064
34025146
235310779
135524028
690695867
655298235
636726975
682168003
1298118
49606345
285912778
305106637
339250894
100552401
358952658
672386771
661597911
41504473
672157402
123834076
72257245
154365660
141971169
689213153
383586023
655847144
659934952
302231277
42700525
648490736
145870578
695193331
671977203
46403317
322932470
260108023
645582583
683372280
645582587
235941628
117665533
355348222
78884603
35114755
691834634
672042763
199659274
675139344
650104592
297512722
683028245
336219927
235245337
92876577
119967522
474894116
635555620
289230630
669503272
469495594
91352875
241651502
294817584
470331192
90746681
40374074
436408122
363556671
119967553
476016456
358444873
665612106
83185483
335073101
660246349
675827539
310603605
81047386
358444891
364121946
321056605
97341275
367677280
250457953
143232866
341208931
661712740
358444897
34721640
144994152
104320882
679325555
674049908
652758901
252292984
93998968
682438520
673943419
46403451
690696061
665784190
474623871
36433792
682266493
355078012
32993159
675172232
101986185
313511817
46403474
99028884
4804503
309497752
213553049
673763226
658730910
684560287
357896094
197332896
219647906
455970723
665612194
84160421
661712805
659107751
520155045
242577319
664571818
40464301
685690798
270872495
248254386
670478261
283357109
686903223
356609977
678473663
98095039
286085059
357896137
302264266
98783179
232714187
640413646
357896142
679874514
685273043
364081107
336326614
442855388
648359907
97890276
669528038
675827689
261009389
445853686
46403578
69423098
291360764
381407227
675311621
1290248
467849227
160157710
238039056
101986321
261427219
302977045
689139739
3813407
674205728
3813409
662712354
688279587
248377379
648425509
272076840
34721833
118394922
248188969
684642349
466350129
681873458
1978418
470331449
681119801
37154875
460689469
269488190
87142464
146567233
46403650
39940163
242585669
475656267
658600013
382750798
308695122
682799188
302878806
37662809
478859357
34721887
322588768
674312289
68325473
92876899
674312292
680996965
637816934
2879590
650899560
356495465
685314151
70758507
268603499
146567280
675672177
3297394
635596916
308637813
235917428
462753908
665006196
225153145
235917433
320155771
636473471
235917439
676319359
682946691
647164037
392605830
219435142
666079368
683151497
114471051
312070283
689328270
209899664
38113425
670180934
660263059
640946320
221606037
238547094
655855767
476016793
430207132
279163038
263082142
409841824
350220448
72609952
300093603
258347176
236351658
235917482
241537196
218058925
688304301
377057454
476016816
681259180
411513009
475140273
88764596
309637301
655872181
456446129
675680442
369201339
249254076
412340410
669184190
117108930
666865858
382030020
207139012
75894982
282579145
660148426
645148877
343249101
277926095
673755344
260714705
336220368
645148882
323391695
72610002
658747602
656142552
648466649
216486106
684552410
676802776
237646045
37548254
40923358
670929115
660492517
650457318
262804290
364540138
107204843
317763819
655839472
74313972
242585845
297898231
696176888
674197751
278319354
637391100
35885309
376312063
128323840
649859332
666063110
84128007
695210248
467390731
287093004
248434958
384618769
366244114
270856466
446525716
380711193
670208281
658927901
669888798
286159133
679670048
669266208
72249634
641790243
221294884
650629413
671150374
645681447
130945321
37638442
254996780
277180717
322580785
349958450
87281971
638038322
217026865
475394358
652169522
472035641
73535806
464376127
474788160
675254593
276222272
276132163
651759937
294949189
648352070
672330048
148721994
274215243
676802891
682922317
666186059
238424399
665874768
679760207
312463698
47042896
97890646
29167959
35770710
95588701
221606238
276631903
673853792
282423650
241283428
636236134
279261544
262025582
452096367
631976305
660484466
3819072
664351093
371380598
3819073
68325753
662647161
216674683
218042748
280768893
676532600
467718532
636219781
133738888
168128904
679285133
356700557
675803539
465310105
241004953
640479643
649146780
695759266
358896034
650334627
676802978
78672291
648081832
674836910
7074225
34967986
315306418
683913651
676802999
141169079
694964665
520155578
208777656
165900732
683151805
34967998
670306746
250057153
47043014
465605064
37155275
217592268
92574155
260649425
46551511
461935064
689213305
339464669
687780318
315994589
99742179
133067240
678310377
652390891
694194668
355324396
363278830
648081903
277230067
80556534
650588663
675484150
655823355
316551676
236540412
236712447
205312517
682168838
46436869
683856392
670970376
258347531
634720779
248164878
689287696
686010896
690696722
662721040
36835864
658231834
372421147
681521692
46551581
462369310
3519006
189903392
317002271
650654243
336032293
236106281
683561513
89748011
372421164
372421165
60232238
99701293
108900909
97890864
456659506
372421170
306893366
647131702
3813945
35885625
465506879
344371782
243921478
468079178
648966731
687801658
92615245
161223247
689230417
160313937
681857627
645239390
270930529
130191969
230044258
678277733
95695467
79852140
662745707
47444589
685281903
237097585
268710513
317002353
73405044
371315316
643306102
101732983
313553523
466850423
260166258
88363643
683053692
317002366
462369411
99734151
646713992
166589069
650588814
637710990
358068879
328921745
476017298
679252622
371225236
646714005
308220567
289018523
675680929
270840482
261788324
268718756
126292646
676344486
645591720
648352427
444215980
473371310
225186479
286569135
3265199
683692722
313209521
637244084
358929077
266687158
60232375
682504885
282423993
466186938
645886650
383644340
506278598
234345159
80917192
93180617
445895374
658272974
102953680
476017362
362402514
280785620
53564114
362468055
650498778
662688475
675689181
665637599
122679468
675295972
35295973
77943527
95220455
692392681
677901034
216773352
35295982
35295984
676926193
384815856
147706609
37753588
658371324
384103170
336024322
96219907
675533570
147763974
690762498
41317127
482661131
354398988
688673547
650466062
640406287
6066957
35296017
251532050
33059600
95261453
659100437
466973462
655921941
322999058
679875349
5853985
305115937
305255203
359412517
450310955
659968813
34108207
244052784
658314034
356381491
652915508
77796149
34108212
467350327
654455608
466350901
382260021
679441209
411341629
645133119
318862144
266441537
350180162
147428161
49132354
676377412
458838849
696226629
473674563
86979392
236114757
658199364
458838860
3871565
35885901
695817039
686134101
691204950
351933271
685282135
299676506
214872923
678351712
466908003
458838884
458838886
231093094
637383528
384488297
290501482
33690471
253997932
458838893
458838894
658273138
138335101
121467773
340661119
289338240
458838914
661590915
681276290
458838918
303059847
458838920
666047369
472855434
671970187
226120588
289403786
449491850
311178121
459854736
366597008
94794643
458838932
221942675
384103321
283947932
389354398
286503838
461083552
46707618
461083555
461083556
458838949
641692581
461083557
152966055
277132201
377246633
458838960
40948659
88740787
655938483
662746040
282883002
682800060
94794688
679408578
442872771
79844294
521294792
248198090
641209292
140473293
669774798
458838990
466351059
40276947
238425045
458838996
692392923
75584475
670249949
313381854
168063964
690615266
663589861
94442472
377369577
458839018
350122987
44037101
213562349
365712365
327578608
639366129
280105968
676172787
46003188
392713205
33731574
458839030
304059384
339317747
304059386
667399164
453841920
277230592
458839042
458839043
124195843
658273285
662737923
257930254
412390415
185362
466039828
635892756
238425108
444568598
317723671
638194713
347091997
664794142
458839071
458839073
675148834
283358242
458839076
73593892
690770981
138007589
363983912
47182885
248189991
650654763
647115820
288437291
475223087
213627952
299537459
335975475
34346042
670250042
647115836
640955453
238425149
650654781
650654784
650654783
696300610
261715012
242611269
642479173
650654791
401937480
239408201
213627978
472396873
375739465
659895370
472396874
100389967
36287567
80131153
80131154
80131155
475313233
51811410
650654803
474575956
666260565
36410452
458839130
458839131
458839132
458839133
238564446
92124251
313160796
250336353
302257250
458839139
692393059
261354597
458839142
684479591
213628008
637711459
126661736
48501867
36263018
653284462
458839150
348058738
206640243
661591156
695956596
458839158
88478839
646714488
662762617
88478840
88478842
679408764
458839166
671151234
652964996
458839173
335238277
283358343
654709895
458839177
458839179
88822924
662762637
225318031
637293712
458839184
456635545
282416283
641094812
680268958
48870560
302306467
560657571
283358373
410055843
314569895
460436648
659879082
2553004
199914669
411309229
164148399
251073713
458839218
508622003
645207217
660542644
282588341
458839223
155923639
652825786
646714555
458839228
692393149
458839230
299537599
635655356
369538239
462320834
85939394
411718855
85963975
85963977
462361801
52098255
658240719
676386001
98317526
76125399
339694808
346748121
280917208
384275672
117617884
388322523
659936478
246420700
102913245
649000162
370783463
660509928
123352301
185582
683300078
323466478
216511733
685495542
674182390
384816376
670225658
661591293
244430077
382801151
662017280
650409217
315806978
660010243
687797505
264041728
313464064
475329800
219313416
673731849
392639754
304928012
411645195
347739404
649417993
664589584
652227859
678311188
252065043
641234197
347739415
248165657
642225433
687289625
365597985
125859105
218264869
466040105
333616426
666015018
656192811
145806638
278025521
78148913
339678515
653399347
218354997
245298489
312333626
639817021
462746942
468292926
322442557
219559233
367768898
674239811
216429893
461845831
277910856
411628873
282375498
154154315
651269451
147526989
695170376
458257743
117617999
681219400
239293778
470930770
355243351
474772824
468292951
235304282
647116123
245298524
310555997
476026208
636335457
391566688
172537189
364705126
94565735
312038757
39859559
637425004
662599021
650458478
645772654
637408624
164476273
658273650
92894575
129004909
68195693
266941809
661280117
658240888
647116155
658306427
465114493
157930880
334067074
685299075
316560770
212489605
670963075
650024330
674239885
463238542
235091342
49108368
475805079
315995546
659862939
85587356
678278554
675321247
382055840
93689258
34739626
675181997
266876334
263361966
671233456
679228846
652383666
266876341
681276854
354596279
474494390
474772921
471061946
248182198
465499582
649000383
688494014
292492738
685585861
649106885
136713672
472765897
242521546
35042763
35042764
683144652
90404300
662853071
637711821
211908045
35042767
655873494
131659224
35042778
35042779
673732063
637711169
291984873
684512746
346174957
104838641
98792946
412333553
648386036
680662522
671004155
634951170
84620803
304928258
316446215
262026761
651580943
266827280
99374609
475805202
185875
218265111
157701658
459462172
79353377
282424867
650040868
101029417
195147307
660256299
385570349
458397230
664933935
249697840
90396209
208811565
517232179
645477942
674223671
286529080
366483002
645477950
645477951
354465344
115734082
638514756
463402569
673936971
664802892
381859405
309433934
456529487
119772752
260773454
377534030
244201045
648386133
36394586
129865307
666687069
103880287
239834720
412898912
257439331
343365219
637711980
263165548
465008240
302282352
650778229
242071161
256513657
4814459
35714683
323049086
345962111
315831936
302257795
645625476
309433990
465008263
323409544
641791625
95745679
37295760
411227792
119772820
379197079
35665562
658609820
127047327
290297504
282801823
148403872
636229280
474592932
465835685
655824549
104363683
453842600
650090155
392705709
669562542
319239854
158414512
37295792
364983986
676386483
686192313
664336057
96048830
137631424
636229316
95934149
688428744
304273099
635909840
678196944
474748626
95934163
160536278
649426648
247715549
658380509
649426659
274945763
356734691
119772901
264984295
147093224
462067433
676927210
144930549
648386294
35501815
649426684
653801213
639309568
144938753
380573442
670996224
103962372
682784516
316640187
683153159
466933512
410810122
367916811
671987471
682727184
160085777
464279314
677181200
112736022
646715159
649082649
677910307
466958117
649426725
230897445
683046698
344446763
46315312
376616754
465311540
233994037
115463994
327579452
69621566
249780032
264025921
687781698
684267331
380573506
235812676
195893057
35534659
675133256
274503501
665720654
649951057
315995989
342538070
681604950
347830110
683128671
696244063
35885609
273626982
475805548
317970284
48379758
678303599
649009011
671004534
214054778
95197051
635115389
178427773
358872959
682227582
179582849
89364358
467269511
383719304
462829446
35796065
475805579
664795020
650590092
81475474
695203731
88250260
674314134
513578903
38033304
73537432
692074397
262584223
639965088
467261343
98613153
674453411
98613156
98613158
98613160
313366441
31684524
636221359
302299061
42776502
35559350
34854838
642611126
636229560
184129471
673929152
381941698
679409604
82229191
317790152
261789641
658274249
392697805
381999053
364705743
681908173
681301968
676329423
308533205
649844693
649508824
317790170
695949276
681908191
121206751
112728034
672634852
681908196
464943078
692672488
641685483
76158965
76167158
239876088
341759993
398178298
696260607
382998530
661420035
275781638
72366087
659863560
475387913
292132874
322590731
660428811
47323148
696244234
33052683
97597462
665827351
65214489
379050015
238975010
145627172
670242857
208984106
288749610
682244140
682350636
683898926
679450669
154933296
78387256
251836473
346789946
346789947
225155132
69466172
631322684
346789951
346789952
637392961
241670210
265582658
675854402
330389564
461985862
659822662
660174920
508573770
53581900
263723085
227186764
669677648
458750038
105117783
652777560
466327639
215439456
145897570
662853730
346339428
292132965
675879013
649828455
221444200
367990887
309442665
380344428
108468332
687781999
237844592
647739506
42219639
286103672
100268152
446847096
235239548
210163839
466090113
257300610
47052931
149133444
664803459
157767816
47052936
384129163
241162380
465811599
359389328
337582228
376002709
666769558
36903065
78387355
4749470
90896543
673798306
315988134
647403687
670292140
84785325
385284274
650492085
4642997
680155326
314972351
695228609
257513670
683931846
695957703
251836619
373512397
47610062
124115156
466884824
641677532
163551456
639539425
666769633
52795619
68958438
381999335
673945833
4921578
638433513
659011820
347830509
463198446
92477679
696244464
339564786
656070898
208509171
640227574
475232503
391649528
312768762
391649532
114448637
120338685
32282887
264026380
681605389
114284815
646691088
652933397
635345173
649140504
144939296
348625185
685275426
681056547
203323683
696695077
32282921
683374893
461986095
248617263
685766962
673880373
366491961
302938426
475273532
372595004
696686914
85604677
686004554
303012172
6191437
6191438
277141838
130038096
355629393
78960978
645888332
121215318
349545076
6191449
6191450
31349083
684497244
320346461
182933856
455899492
6191462
135797095
322812266
467261806
108566896
658381169
645691762
144382327
234207609
54532479
206657922
475773325
670177680
350296468
508647830
378468765
264051101
666696095
226072992
683874721
645921184
92936609
353909149
104987044
412383655
78969256
80779690
88390063
129882543
353196465
345725361
376355251
165231027
100039094
681474492
692394428
86129087
237574593
475830721
212842947
475290051
162134470
475290059
458496464
41269715
343349716
237648342
681056733
237787614
475290079
377158109
337754592
686758371
80042468
260700650
35863020
689273329
125999602
664345078
78346744
658586105
331512315
348731903
170334720
381630975
338434562
648288771
46152196
239360524
474692113
647707155
674322963
637630997
658602517
635116055
42793495
282286616
194181654
672766485
637631000
675273246
376707616
666016289
230021665
653089312
679221796
317970977
118684198
366492198
357079592
69311012
363420204
363420206
672193071
4028978
4028979
341441076
681761331
81369654
413309491
103995960
39860788
682334770
465812027
241252924
681261629
640399934
654367295
692394560
669653569
444021310
664803909
235280968
98105929
317782602
141974088
277142092
638081617
337787474
659888721
253696596
277142101
262470230
678312529
353843797
43522644
128154202
262560349
238508637
681261672
664894060
104266349
645233262
3717743
368425584
658586225
353450610
3717746
269482611
694950517
51811420
686119537
274381436
170343039
662780545
568531586
75307652
83475077
277142149
356039300
681523849
213514890
55946
341121679
302258831
647117455
645626515
225155735
635615896
664803993
127056538
635615897
458242716
472873629
315841182
216480413
635615900
412408481
645626530
315816611
344357543
655841962
117611179
344357548
344357549
445618862
383638191
659937968
259865265
661838514
322345653
350059190
380320441
301685434
367762109
97163966
472873663
285448895
102939329
472185537
647117507
444119745
642718399
675044033
466180808
673888973
262789839
639441618
304454356
370957014
658578135
353499869
380345054
457439
312679135
310917857
457441
431815391
472873698
283171558
658275047
476068583
468237038
301685490
370301684
916212
682654454
103635705
668982011
635616003
635616004
316070662
639785735
91028235
47479565
239303439
689281812
379018006
639785751
347896599
89209625
372103961
683219734
647117596
251345698
456235811
101358371
647117602
678370090
647117610
568810284
384809771
639474474
251796267
744240
286686000
658758450
318323508
301439798
125999926
151796534
445930297
466451262
313604928
668670787
356621123
371235651
95263558
468712265
669080398
647117649
682326866
684096340
443677524
655842137
143555418
466844507
93027161
466844512
466844513
467327845
162372453
379345769
695810922
646716268
662649714
5045107
682515315
151952242
196082550
2849655
666573688
322591612
640326526
689208192
682326913
694991749
664796037
670243717
331471753
672005001
39861131
671161230
225155986
323410834
653400978
462338966
35879831
634682265
641350554
635616155
686005147
475823004
299178910
104111006
665000860
454564768
316226467
411851686
665648042
151935917
334642100
165862331
329595836
27237309
73563070
641350591
660224960
97852352
356015036
471030721
32897988
32357317
284752837
684563399
647117767
96041932
681892814
679410639
635034576
59120592
660413391
673799120
374864852
297073621
408536
192601048
301685722
44612571
103627740
654441436
237566942
44612570
124500960
302259164
282090467
364444643
641743845
270851045
683916264
97852395
337853419
681024492
66198507
31497196
684563440
313228272
678050802
473431030
68885495
678378488
464083960
312089594
355924987
634977278
641350655
673733632
59120641
641350657
270400513
72367106
659921923
473684997
671161351
647117833
658373642
470866956
640597006
264051730
84876307
682327060
331897875
468302870
666180632
674192409
87039002
264018972
668564508
662666270
659921951
647117857
683105316
107140173
658291749
679410728
230374442
691182634
376020013
467196974
654408751
684563504
280919089
262593590
41892919
339680311
362617913
406723639
678362172
475823165
348904514
82345027
468302921
35871823
239344719
660380755
372104276
475274323
634616916
681557080
674192473
85564506
50609247
678485087
174709856
362617961
104791152
372104304
179674225
658209909
43826293
670252153
213499002
161414266
32537725
650181758
322714753
39861383
465624201
140524681
98426002
642202772
662731928
330448029
364231840
670170273
475405478
233733287
683916455
304299183
466336943
639532209
355556530
370638005
127499452
635960510
101932224
31907009
684571842
670227653
290315461
6044873
6044875
694951116
36519264
694951119
215481553
276241617
381811921
103693524
466451669
246643927
112082136
82590937
322338010
355556570
339385564
246643935
670416099
660274405
319962342
690568424
322338028
310918381
220355822
151805164
277380338
237411572
100424949
88399093
175504631
513981688
676535545
443784441
81214715
689159424
266894595
674258180
456015109
35478795
353598731
314662157
448109840
447446289
691207440
649510162
322714900
78634266
111279387
458010
664894749
654433566
384102686
346971424
346971425
135478561
673938723
246644001
646708519
695926055
89718057
182934826
48504110
367918383
647707951
80043314
470433074
165846324
358956341
144604469
647707959
35478840
650517818
677289274
381607229
650607934
227073343
639278398
655285570
305143107
138263877
358980933
37666118
41631049
681286986
68173130
693411149
302734672
456015186
220691799
650517847
241827163
282377565
308018526
375455071
117611872
205430113
356449633
335740259
458084
635616609
475389286
376520039
676904294
451419497
679509348
312130924
653417837
453303666
116776306
108199286
470433143
458104
193305975
458106
375455095
458103
270548345
339279230
236928385
35724674
147045762
102243716
225172866
35724673
80043399
235249032
659922313
358948232
47586700
684563855
640400784
641678737
692010386
648969618
458841493
635043221
673947031
648420759
75619737
659856793
458139
301063573
121183645
62864797
292101535
666008989
635026847
666008988
669752739
673545637
683802022
34569640
240156073
286080424
640294314
377241003
4234669
355655086
458156
264043953
214998449
95182259
635133365
184098231
453303738
675470778
31555004
465477054
283614654
274382271
676380095
636222915
262528452
237772228
141704648
458185
458187
660037071
6028752
92954063
6028754
458193
323452372
676167125
665648598
123739604
665640408
85736917
251911643
132701660
34389475
176127460
218324453
259825125
225877477
655949290
310803947
636222958
376446446
317750770
336625139
464322036
103751157
94158326
658775542
6266360
349732348
336625150
356212223
97230335
337354239
635043327
105618946
682581506
211172869
653426182
377273863
674192904
358596105
78388745
662765065
639778316
641121803
650313230
211172879
656113168
34790930
52829715
292371987
128499220
72490521
147987997
243949085
474766878
323485216
692739616
333618717
637713956
313515557
126213671
313368104
353517097
353476141
248045102
31555117
248176178
264044084
685276727
356539960
467615291
117988925
308682302
665009728
637386305
330661444
683908680
635108938
218070606
116129360
653155921
311598673
49667669
239877718
244162136
44490329
376446553
641736284
126213724
31841885
668270175
667393628
215613025
461848165
676380261
649412204
219405933
341417580
126213744
365493877
635043446
239877761
679394946
4923019
177004176
647691921
688668306
643456658
647470742
648969879
650165912
465813143
353771162
269360796
696180381
472088224
289586851
239877797
670260906
428506794
682327724
46284462
363773619
666017461
34414265
38010556
650518207
411918017
121798338
38010564
381566661
650739398
65339079
38010568
674258634
34414286
310591185
147742418
679255763
248217300
693395157
641687249
345497305
121970397
678043357
364216032
43867873
679886561
366952163
34946788
344227557
670285541
286858981
118079200
670400233
682229481
374800110
147988207
692068084
242638582
147742457
207929084
650043134
364412671
658210558
96567042
35839749
216932104
87179017
661593866
654262026
473382668
638263056
248241937
467722003
112762643
659857175
689299224
469548827
3211040
226262820
475832101
35839783
35839784
461586216
662798122
330637098
293117737
675839791
297910067
116776756
458710837
36708152
359391033
44359482
144940857
364085050
465477439
686268225
263372610
468303684
555466564
649469769
455868234
33513293
647044944
357613398
187989846
104177494
660471645
334561119
675823455
636723039
344375135
264044387
88153955
690569062
83132263
160243559
639319912
129679210
94437231
679886703
674406257
220200818
257548147
89808756
376446837
266665846
690691959
103743345
682327929
679632762
264044410
336134009
459825024
45285256
117489546
693018508
153591692
368598926
658202508
635133844
236248986
358891422
94101406
85852065
668942242
472457121
643219362
421453733
102186917
653197223
332603304
92602279
145579946
466730926
145579955
58654644
307789749
274374585
143376318
313155520
282394563
354860996
467263430
649035721
46563277
653320141
313155539
235290581
455778270
237871074
243982306
292446178
412377061
35176422
213327847
671334374
674250730
686612459
83722223
313155568
88735730
382107634
640032756
653262837
298033142
675004407
297910265
313155583
